textCol: [9.99999997e-07, 9.99989993e-07, 9.99989993e-07, 1]
windowBg: [0.700980425, 0.700973392, 0.700973392, 1]
header: [0.789215684, 0.789207757, 0.789207757, 1]
headerActive: [0.656862736, 0.656856179, 0.656856179, 1]
headerHovered: [0.602941155, 0.602935135, 0.602935135, 1]
button: [0.882352948, 0.882344127, 0.882344127, 1]
buttonHovered: [0.80392158, 0.803913534, 0.803913534, 1]
buttonActive: [1, 0.999989986, 0.999989986, 1]
frame: [1, 0.999989986, 0.999989986, 1]
frameHovered: [1, 0.999989986, 0.999989986, 1]
frameActive: [1, 0.999989986, 0.999989986, 1]
tab: [1, 0.999989986, 0.999989986, 1]
tabHovered: [1, 0.999989986, 0.999989986, 1]
tabActive: [1, 0.999989986, 0.999989986, 1]
tabUnfocused: [1, 0.999989986, 0.999989986, 1]
tabUnfocusedActive: [1, 0.999989986, 0.999989986, 1]
titleBg: [0.504902005, 0.504896939, 0.504896939, 1]
titleBgActive: [1, 0.999989986, 0.999989986, 1]
titleBgCollapsed: [1, 0.999989986, 1, 1]
menubarBg: [1, 0.999989986, 0.999989986, 1]
popupBg: [0.1, 0.1, 0.1, 1.0]
font: ../Content/a.ttf
font-size: 12
window-rounding: 7